File-1 uf20-01.cnf
The time of execution for file 2 is : 0.001s
SAT
check=True
[1, -2, -3, 4, -5, 6, -7, -8, -9, 10, -11, -12, 13, 14, 15, -16, 17, -18, -19, 20]


File-2 uf20-010.cnf
The time of execution for file 3 is : 0.001s
SAT
check=True
[-1, -2, 3, 4, 5, 6, -7, 8, 9, -10, -11, 12, -13, 14, 15, 16, -17, -18, 19, -20]


File-3 uf20-011.cnf
The time of execution for file 4 is : 0.001s
SAT
check=True
[1, 2, -3, 4, 5, 6, -7, -8, -9, 10, -11, -12, -13, 14, 15, 16, 17, 18, 19, -20]


File-4 uf20-012.cnf
The time of execution for file 5 is : 0.000s
SAT
check=True
[1, 2, -3, -4, -5, 6, -7, 8, 9, -10, -11, -12, 13, 14, 15, -16, 17, -18, 19, -20]


File-5 uf20-013.cnf
The time of execution for file 6 is : 0.001s
SAT
check=True
[-1, -2, -3, -4, 5, -6, 7, 8, 9, -10, -11, 12, -13, -14, -15, 16, -17, -18, -19, 20]


File-6 uf20-014.cnf
The time of execution for file 7 is : 0.002s
SAT
check=True
[1, 2, 3, 4, 5, 6, -7, -8, -9, 10, 11, 12, 13, -14, -15, -16, -17, 18, -19, -20]


File-7 uf20-015.cnf
The time of execution for file 8 is : 0.000s
SAT
check=True
[-1, -2, -3, -4, 5, 6, 7, -8, 9, 10, 11, -12, 13, 14, -15, 16, -17, 18, -19, -20]


File-8 uf20-02.cnf
The time of execution for file 9 is : 0.002s
SAT
check=True
[1, -2, -3, -4, 5, -6, 7, 8, 9, -10, -11, 12, -13, 14, 15, 16, -17, -18, 19, -20]


File-9 uf20-03.cnf
The time of execution for file 10 is : 0.002s
SAT
check=True
[1, 2, 3, 4, -5, 6, 7, 8, 9, 10, 11, -12, 13, -14, -15, 16, 17, 18, -19, 20]


File-10 uf20-04.cnf
The time of execution for file 11 is : 0.001s
SAT
check=True
[1, -2, 3, 4, -5, -6, 7, -8, -9, 10, -11, -12, 13, -14, -15, 16, 17, -18, -19, -20]


File-11 uf20-05.cnf
The time of execution for file 12 is : 0.002s
SAT
check=True
[-1, -2, -3, -4, 5, -6, 7, -8, -9, 10, -11, 12, 13, -14, 15, 16, -17, 18, -19, 20]


File-12 uf20-06.cnf
The time of execution for file 13 is : 0.001s
SAT
check=True
[1, 2, -3, -4, 5, -6, -7, 8, -9, 10, 11, 12, -13, 14, 15, 16, 17, 18, 19, 20]


File-13 uf20-07.cnf
The time of execution for file 14 is : 0.000s
SAT
check=True
[-1, -2, 3, 4, -5, 6, 7, 8, 9, -10, -11, 12, 13, -14, 15, -16, -17, 18, 19, 20]


File-14 uf20-08.cnf
The time of execution for file 15 is : 0.001s
SAT
check=True
[-1, -2, -3, 4, -5, 6, -7, -8, 9, -10, 11, -12, 13, -14, -15, -16, -17, -18, -19, -20]


File-15 uf20-09.cnf
The time of execution for file 16 is : 0.002s
SAT
check=True
[-1, 2, 3, -4, -5, 6, -7, 8, -9, 10, 11, 12, 13, -14, 15, 16, 17, -18, -19, -20]


File-16 vf150-01.cnf
The time of execution for file 17 is : 145.153s
SAT
check=True
[1, 2, -3, 4, -5, 6, -7, 8, -9, -10, 11, -12, -13, 14, -15, -16, 17, -18, -19, 20, -21, -22, -23, 24, -25, 26, 27, -28, 29, -30, 31, 32, 33, 34, -35, 36, 37, -38, 39, 40, -41, 42, -43, -44, 45, -46, 47, 48, -49, -50, -51, 52, -53, -54, -55, -56, 57, 58, 59, 60, 61, -62, 63, -64, -65, 66, 67, 68, 69, 70, 71, -72, -73, -74, -75, 76, -77, 78, 79, -80, -81, 82, -83, 84, 85, 86, -87, 88, -89, 90, -91, 92, 93, 94, 95, -96, -97, 98, 99, -100, 101, 102, 103, -104, -105, 106, -107, -108, 109, 110, -111, -112, -113, -114, -115, -116, -117, 118, 119, 120, 121, 122, 123, -124, -125, 126, 127, 128, 129, 130, 131, 132, 133, -134, 135, 136, 137, 138, 139, -140, 141, 142, 143, 144, 145, -146, 147, 148, -149, -150]


File-17 vf150-010.cnf
The time of execution for file 18 is : 0.053s
SAT
check=True
[1, 2, -3, 4, 5, -6, 7, 8, 9, -10, 11, 12, 13, 14, 15, -16, 17, 18, 19, 20, -21, -22, -23, -24, -25, 26, -27, 28, 29, 30, 31, 32, -33, -34, 35, -36, -37, -38, -39, 40, 41, 42, 43, -44, 45, 46, 47, -48, 49, -50, -51, 52, 53, -54, -55, -56, -57, -58, 59, -60, -61, 62, -63, 64, 65, 66, -67, -68, -69, -70, -71, 72, -73, 74, 75, -76, 77, -78, -79, 80, -81, 82, 83, -84, -85, 86, -87, -88, -89, -90, -91, -92, -93, -94, 95, 96, -97, -98, 99, 100, 101, 102, 103, -104, -105, -106, -107, -108, 109, 110, -111, 112, -113, 114, 115, -116, 117, 118, 119, 120, 121, 122, 123, 124, -125, 126, 127, -128, 129, 130, 131, 132, 133, -134, 135, -136, -137, 138, -139, -140, 141, 142, 143, 144, 145, 146, -147, 148, 149, -150]


File-18 vf150-011.cnf
The time of execution for file 19 is : 53.597s
SAT
check=True
[1, -2, 3, -4, 5, -6, -7, -8, 9, 10, 11, -12, 13, 14, 15, -16, 17, 18, 19, -20, 21, -22, 23, 24, 25, 26, 27, 28, 29, -30, 31, -32, 33, -34, -35, 36, 37, -38, 39, -40, 41, -42, -43, 44, -45, -46, -47, -48, 49, 50, 51, 52, 53, -54, -55, 56, 57, -58, 59, 60, 61, -62, -63, 64, -65, 66, -67, 68, -69, -70, 71, -72, -73, -74, 75, -76, 77, 78, -79, 80, 81, 82, 83, -84, -85, -86, -87, 88, -89, 90, -91, -92, 93, 94, -95, -96, 97, -98, 99, 100, -101, -102, 103, -104, 105, -106, -107, 108, -109, -110, -111, -112, 113, 114, -115, -116, -117, 118, 119, 120, 121, 122, 123, 124, -125, -126, -127, 128, 129, -130, 131, 132, 133, -134, 135, 136, 137, -138, -139, 140, -141, 142, 143, 144, -145, -146, 147, 148, -149, 150]


File-19 vf150-012.cnf
The time of execution for file 20 is : 101.060s
SAT
check=True
[1, -2, 3, -4, -5, 6, -7, -8, 9, -10, 11, -12, -13, -14, -15, -16, 17, 18, -19, 20, -21, -22, -23, -24, -25, -26, 27, 28, 29, -30, 31, 32, -33, -34, 35, -36, 37, 38, -39, -40, 41, 42, 43, -44, -45, -46, -47, -48, -49, -50, -51, 52, -53, 54, -55, -56, 57, 58, 59, 60, -61, -62, -63, -64, 65, 66, -67, 68, -69, 70, -71, 72, 73, -74, 75, 76, 77, -78, -79, 80, -81, 82, -83, 84, 85, -86, -87, 88, 89, -90, -91, 92, -93, -94, -95, 96, 97, -98, 99, -100, -101, -102, -103, -104, -105, -106, 107, 108, 109, 110, -111, -112, 113, -114, 115, -116, 117, 118, 119, 120, -121, 122, -123, -124, 125, 126, -127, 128, 129, 130, 131, -132, -133, -134, -135, -136, -137, 138, 139, -140, 141, -142, -143, -144, 145, -146, 147, -148, 149, -150]


File-20 vf150-013.cnf
The time of execution for file 21 is : 1.629s
SAT
check=True
[1, -2, 3, -4, -5, -6, -7, -8, 9, 10, 11, 12, 13, 14, -15, 16, -17, 18, 19, 20, -21, 22, 23, 24, 25, -26, -27, -28, 29, -30, 31, 32, -33, -34, 35, 36, -37, 38, -39, 40, -41, -42, -43, 44, -45, -46, -47, -48, 49, 50, 51, -52, 53, 54, 55, -56, -57, 58, 59, 60, -61, -62, 63, 64, -65, 66, 67, 68, 69, 70, 71, -72, 73, 74, -75, 76, -77, 78, 79, -80, 81, -82, 83, -84, 85, -86, 87, 88, 89, 90, 91, 92, -93, 94, -95, 96, 97, 98, 99, 100, 101, 102, -103, 104, -105, -106, -107, 108, -109, -110, 111, 112, -113, 114, 115, -116, -117, -118, -119, -120, -121, -122, -123, -124, -125, -126, -127, -128, 129, 130, 131, -132, -133, -134, 135, 136, 137, -138, -139, -140, 141, -142, 143, -144, 145, 146, 147, 148, -149, -150]


File-21 vf150-014.cnf
The time of execution for file 22 is : 265.980s
SAT
check=True
[1, -2, -3, -4, -5, 6, -7, -8, 9, 10, 11, -12, -13, 14, -15, 16, -17, -18, -19, 20, -21, -22, -23, 24, -25, -26, -27, -28, 29, 30, 31, 32, 33, 34, -35, -36, -37, 38, -39, 40, -41, 42, 43, 44, -45, -46, 47, 48, -49, 50, 51, 52, -53, 54, -55, -56, 57, 58, -59, 60, -61, 62, -63, -64, 65, 66, -67, -68, 69, 70, -71, 72, -73, -74, -75, 76, -77, -78, -79, 80, -81, -82, -83, 84, -85, -86, -87, -88, 89, 90, -91, -92, -93, -94, 95, 96, 97, -98, -99, -100, 101, 102, 103, -104, 105, 106, -107, 108, -109, -110, 111, 112, -113, -114, 115, -116, 117, 118, -119, 120, -121, 122, 123, -124, -125, -126, -127, -128, -129, 130, 131, -132, -133, 134, 135, 136, 137, 138, 139, 140, 141, -142, -143, -144, 145, -146, -147, -148, 149, 150]


File-22 vf150-015.cnf
The time of execution for file 23 is : 8.699s
SAT
check=True
[1, -2, -3, 4, 5, 6, -7, -8, -9, 10, 11, -12, 13, -14, -15, -16, -17, 18, -19, 20, 21, -22, 23, -24, 25, 26, 27, -28, 29, 30, 31, 32, -33, -34, -35, -36, 37, 38, 39, 40, 41, 42, 43, 44, -45, 46, -47, -48, 49, -50, 51, 52, -53, -54, 55, -56, 57, 58, 59, 60, 61, -62, -63, -64, 65, 66, 67, 68, 69, -70, 71, -72, 73, -74, -75, 76, 77, -78, 79, -80, 81, 82, 83, -84, -85, -86, -87, 88, 89, -90, 91, 92, 93, -94, -95, 96, -97, -98, -99, 100, 101, -102, 103, 104, -105, 106, 107, 108, -109, -110, 111, -112, 113, 114, -115, -116, 117, 118, -119, 120, 121, 122, 123, -124, -125, -126, -127, -128, -129, -130, 131, -132, -133, 134, 135, 136, -137, -138, -139, 140, -141, -142, 143, 144, -145, 146, -147, -148, 149, 150]


File-23 vf150-02.cnf
The time of execution for file 24 is : 15.922s
SAT
check=True
[1, 2, 3, -4, 5, 6, 7, -8, -9, 10, -11, 12, -13, 14, -15, -16, 17, -18, 19, 20, 21, 22, -23, -24, 25, 26, -27, 28, -29, 30, 31, 32, -33, 34, 35, 36, -37, -38, 39, 40, 41, 42, 43, 44, 45, 46, 47, 48, 49, -50, -51, 52, 53, 54, -55, -56, 57, 58, 59, 60, 61, 62, -63, -64, -65, 66, -67, -68, 69, 70, 71, -72, 73, -74, 75, -76, 77, 78, -79, -80, -81, -82, -83, 84, 85, 86, -87, -88, 89, 90, 91, 92, 93, 94, -95, 96, -97, -98, -99, -100, 101, -102, -103, 104, 105, -106, 107, 108, 109, 110, 111, -112, 113, -114, -115, 116, -117, -118, -119, -120, -121, -122, -123, 124, -125, 126, -127, -128, 129, -130, -131, 132, -133, -134, 135, 136, 137, 138, 139, -140, 141, -142, 143, -144, -145, 146, -147, -148, 149, 150]


File-24 vf150-04.cnf
The time of execution for file 25 is : 91.791s
SAT
check=True
[-1, 2, -3, 4, -5, 6, 7, 8, 9, 10, -11, 12, 13, -14, 15, -16, 17, -18, -19, 20, -21, -22, 23, -24, -25, -26, 27, 28, 29, -30, -31, 32, -33, -34, 35, -36, 37, 38, 39, -40, 41, 42, 43, -44, 45, 46, -47, 48, -49, 50, 51, 52, 53, 54, -55, 56, -57, 58, 59, 60, 61, -62, -63, -64, -65, -66, 67, 68, -69, 70, 71, 72, -73, -74, -75, 76, 77, -78, 79, -80, 81, -82, -83, -84, 85, 86, 87, 88, 89, -90, -91, 92, 93, 94, 95, 96, 97, -98, -99, -100, 101, -102, 103, -104, 105, -106, 107, -108, 109, 110, 111, 112, 113, 114, 115, -116, -117, -118, 119, 120, 121, 122, 123, 124, -125, -126, 127, -128, 129, -130, -131, -132, -133, 134, -135, -136, -137, 138, 139, 140, 141, -142, 143, 144, 145, -146, -147, -148, -149, -150]


File-25 vf150-05.cnf
The time of execution for file 26 is : 84.616s
SAT
check=True
[-1, 2, -3, -4, 5, 6, -7, -8, -9, 10, -11, 12, 13, -14, -15, -16, 17, -18, 19, -20, 21, -22, -23, 24, 25, -26, -27, 28, 29, 30, 31, 32, 33, -34, -35, -36, 37, -38, 39, 40, -41, 42, 43, -44, 45, -46, -47, -48, 49, 50, 51, 52, -53, 54, 55, 56, -57, 58, -59, 60, 61, -62, -63, -64, -65, 66, 67, -68, -69, 70, 71, 72, 73, -74, -75, 76, 77, -78, 79, 80, 81, -82, -83, 84, 85, 86, -87, 88, 89, -90, -91, -92, -93, 94, 95, 96, 97, -98, 99, -100, -101, -102, 103, -104, 105, -106, 107, 108, 109, -110, -111, -112, 113, 114, -115, -116, 117, 118, 119, -120, -121, -122, -123, -124, 125, -126, -127, -128, -129, -130, -131, -132, -133, 134, -135, -136, 137, 138, 139, 140, -141, -142, -143, -144, 145, 146, -147, 148, 149, 150]


File-26 vf150-06.cnf
The time of execution for file 27 is : 26.452s
SAT
check=True
[-1, -2, -3, -4, -5, -6, 7, 8, -9, 10, 11, -12, 13, -14, -15, 16, 17, 18, -19, -20, -21, 22, -23, 24, -25, 26, 27, 28, -29, 30, 31, 32, 33, 34, 35, -36, 37, 38, 39, 40, 41, 42, 43, -44, -45, -46, 47, -48, 49, 50, 51, 52, -53, 54, -55, -56, -57, 58, 59, -60, 61, -62, -63, 64, -65, 66, 67, -68, 69, -70, 71, 72, 73, 74, 75, 76, -77, 78, 79, 80, -81, -82, -83, 84, 85, -86, 87, -88, 89, 90, -91, -92, 93, 94, 95, 96, 97, 98, -99, 100, 101, -102, -103, 104, -105, -106, -107, -108, 109, 110, 111, -112, 113, -114, -115, -116, -117, -118, -119, 120, -121, -122, 123, 124, -125, -126, 127, 128, -129, 130, 131, 132, 133, -134, 135, 136, 137, 138, 139, -140, -141, 142, -143, 144, 145, 146, 147, -148, 149, 150]


File-27 vf150-07.cnf
The time of execution for file 28 is : 96.255s
SAT
check=True
[1, 2, 3, 4, -5, 6, 7, -8, 9, 10, -11, 12, -13, 14, 15, 16, 17, -18, -19, -20, 21, 22, -23, -24, 25, -26, -27, -28, -29, -30, 31, -32, -33, 34, -35, -36, 37, -38, -39, -40, 41, 42, -43, 44, 45, -46, 47, -48, 49, -50, -51, 52, 53, 54, 55, -56, -57, -58, -59, 60, 61, 62, 63, -64, -65, 66, -67, -68, -69, -70, 71, 72, 73, -74, -75, -76, -77, 78, -79, 80, -81, 82, 83, -84, 85, 86, -87, -88, 89, 90, -91, -92, 93, -94, -95, 96, 97, 98, -99, -100, -101, -102, 103, -104, -105, -106, 107, -108, -109, -110, 111, 112, 113, -114, 115, -116, 117, -118, -119, 120, -121, -122, 123, -124, 125, -126, -127, -128, 129, -130, -131, -132, -133, -134, 135, 136, -137, 138, -139, 140, -141, -142, -143, 144, 145, -146, 147, -148, 149, -150]


File-28 vf150-08.cnf
The time of execution for file 29 is : 1.067s
SAT
check=True
[-1, -2, 3, -4, 5, 6, -7, -8, -9, -10, 11, 12, -13, 14, 15, -16, -17, -18, 19, -20, 21, 22, 23, -24, 25, 26, 27, 28, -29, 30, -31, -32, 33, 34, 35, -36, 37, -38, -39, -40, 41, -42, 43, -44, 45, 46, -47, 48, 49, -50, 51, -52, 53, 54, 55, 56, -57, -58, 59, 60, 61, -62, -63, 64, 65, 66, 67, 68, -69, 70, -71, -72, -73, 74, 75, -76, 77, 78, -79, -80, 81, 82, 83, 84, 85, 86, -87, -88, 89, 90, -91, 92, 93, -94, 95, 96, -97, 98, 99, 100, 101, -102, -103, -104, -105, 106, -107, 108, -109, -110, -111, -112, 113, 114, 115, -116, 117, 118, 119, -120, -121, 122, 123, -124, -125, -126, -127, -128, -129, 130, -131, 132, -133, 134, -135, -136, -137, 138, -139, -140, 141, -142, 143, 144, 145, -146, -147, 148, -149, -150]


File-29 vf150-09.cnf
The time of execution for file 30 is : 20.020s
SAT
check=True
[-1, -2, 3, -4, -5, 6, -7, -8, -9, 10, -11, 12, 13, 14, 15, 16, -17, -18, -19, 20, -21, -22, 23, -24, -25, 26, 27, 28, 29, -30, 31, -32, 33, 34, -35, 36, 37, -38, 39, -40, -41, -42, 43, -44, 45, -46, -47, -48, -49, -50, -51, 52, 53, 54, -55, 56, 57, -58, -59, 60, -61, -62, -63, 64, 65, 66, 67, 68, 69, 70, 71, -72, 73, 74, 75, -76, 77, 78, 79, 80, -81, 82, 83, 84, 85, 86, -87, -88, -89, 90, -91, 92, -93, -94, -95, 96, -97, 98, -99, 100, 101, -102, 103, 104, -105, -106, -107, 108, 109, -110, 111, 112, -113, -114, 115, 116, -117, 118, 119, -120, -121, 122, 123, -124, -125, -126, 127, -128, 129, -130, -131, 132, 133, -134, -135, 136, -137, -138, 139, 140, -141, 142, 143, -144, 145, -146, -147, -148, 149, 150]


File-30 wuf150-01.cnf
The time of execution for file 31 is : 321.898s
UNSAT


File-31 wuf150-010.cnf
The time of execution for file 32 is : 269.955s
UNSAT


File-32 wuf150-011.cnf
The time of execution for file 33 is : 276.472s
UNSAT


File-33 wuf150-012.cnf
The time of execution for file 34 is : 299.086s
UNSAT


File-34 wuf150-013.cnf
The time of execution for file 35 is : 206.819s
UNSAT


File-35 wuf150-014.cnf
The time of execution for file 36 is : 257.137s
UNSAT


File-36 wuf150-015.cnf
The time of execution for file 37 is : 474.970s
UNSAT


